_id,RSS,Region,Nom_etablissement,Nom_installation,No_permis_installation,Nombre_de_civieres_fonctionnelles,Nombre_de_civieres_occupees,Nombre_de_patients_sur_civiere_plus_de_24_heures,Nombre_de_patients_sur_civiere_plus_de_48_heures,Nombre_total_de_patients_presents_a_lurgence,Nombre_total_de_patients_en_attente_de_PEC,DMS_sur_civiere,DMS_ambulatoire,DMS_sur_civiere_horaire,DMS_ambulatoire_horaire,Heure_de_l'extraction_(image),Mise_a_jour
1,01,Bas-Saint-Laurent,Total régional,Total régional,,52,30,2,0,92,45,8.08454545454545,2.72988929889298,8:05,2:43,13:00:00,2026-02-08T13:45
2,01,Bas-Saint-Laurent,CISSS DU BAS-SAINT-LAURENT,CENTRE HOSPITALIER RÉGIONAL DU GRAND-PORTAGE,51218352,9,2,0,0,12,7,10.44,3.5,10:26,3:30,13:00:00,2026-02-08T13:45
3,01,Bas-Saint-Laurent,CISSS DU BAS-SAINT-LAURENT,HÔPITAL DE MATANE,51218980,7,1,0,0,13,10,4.5,2.37,4:30,2:22,13:00:00,2026-02-08T13:45
4,01,Bas-Saint-Laurent,CISSS DU BAS-SAINT-LAURENT,CLSC DE POHÉNÉGAMOOK,51219418,3,0,0,0,4,2,4.21,1.56,4:12,1:33,13:00:00,2026-02-08T13:45
5,01,Bas-Saint-Laurent,CISSS DU BAS-SAINT-LAURENT,HÔPITAL NOTRE-DAME-DE-FATIMA,51221141,7,4,0,0,9,2,6.08,1.64,6:04,1:38,13:00:00,2026-02-08T13:45
6,01,Bas-Saint-Laurent,CISSS DU BAS-SAINT-LAURENT,HÔPITAL DE NOTRE-DAME-DU-LAC,51221877,5,5,1,0,8,3,8.44,3.69,8:26,3:41,13:00:00,2026-02-08T13:45
7,01,Bas-Saint-Laurent,CISSS DU BAS-SAINT-LAURENT,HÔPITAL D'AMQUI,51226892,6,6,0,0,8,0,11.98,1.98,11:58,1:58,13:00:00,2026-02-08T13:45
8,01,Bas-Saint-Laurent,CISSS DU BAS-SAINT-LAURENT,HÔPITAL RÉGIONAL DE RIMOUSKI,51227882,12,12,1,0,29,13,7.32,3.65,7:19,3:39,13:00:00,2026-02-08T13:45
9,01,Bas-Saint-Laurent,CISSS DU BAS-SAINT-LAURENT,CENTRE MULTISERVICES DE SANTÉ ET DE SERVICES SOCIAUX DE TROIS-PISTOLES,51236156,3,0,0,0,9,8,5.66,2.16,5:39,2:09,13:00:00,2026-02-08T13:45
10,02,Saguenay-Lac-Saint-Jean,Total régional,Total régional,,104,73,11,1,156,80,12.3770198675496,4.57862170087976,12:22,4:34,13:00:00,2026-02-08T13:45
11,02,Saguenay-Lac-Saint-Jean,CIUSSS DU SAGUENAY - LAC-SAINT-JEAN,HÔPITAL DE CHICOUTIMI,51218394,41,33,3,0,59,27,12.7,4.64,12:42,4:38,13:00:00,2026-02-08T13:45
12,02,Saguenay-Lac-Saint-Jean,CIUSSS DU SAGUENAY - LAC-SAINT-JEAN,HÔPITAL DE DOLBEAU-MISTASSINI,51219384,10,7,4,1,19,10,7.84,3.25,7:50,3:15,13:00:00,2026-02-08T13:45
13,02,Saguenay-Lac-Saint-Jean,CIUSSS DU SAGUENAY - LAC-SAINT-JEAN,HÔPITAL D'ALMA,51219400,17,1,0,0,10,5,11.36,4.67,11:21,4:40,13:00:00,2026-02-08T13:45
14,02,Saguenay-Lac-Saint-Jean,CIUSSS DU SAGUENAY - LAC-SAINT-JEAN,HÔPITAL DE LA BAIE,51221364,7,6,1,0,21,14,8.28,4.7,8:16,4:42,13:00:00,2026-02-08T13:45
15,02,Saguenay-Lac-Saint-Jean,CIUSSS DU SAGUENAY - LAC-SAINT-JEAN,HÔPITAL ET CENTRE DE RÉADAPTATION DE JONQUIÈRE,51224541,16,14,1,0,27,18,14.67,5.46,14:40,5:27,13:00:00,2026-02-08T13:45
16,02,Saguenay-Lac-Saint-Jean,CIUSSS DU SAGUENAY - LAC-SAINT-JEAN,HÔPITAL ET CENTRE D'HÉBERGEMENT DE ROBERVAL,51228203,13,12,2,0,20,6,13.22,4.98,13:13,4:58,13:00:00,2026-02-08T13:45
17,03,Capitale-Nationale,Total régional,Total régional,,218,187,54,12,350,104,12.6976945244956,3.6493620414673,12:41,3:38,13:00:00,2026-02-08T13:45
18,03,Capitale-Nationale,CHU DE QUÉBEC - UNIVERSITÉ LAVAL,HÔPITAL DU SAINT-SACREMENT,51217529,22,12,3,0,32,6,10.03,2.75,10:01,2:45,13:00:00,2026-02-08T13:45
19,03,Capitale-Nationale,CHU DE QUÉBEC - UNIVERSITÉ LAVAL,L'HÔTEL-DIEU DE QUÉBEC,51217586,15,10,2,0,16,2,14.04,3.24,14:02,3:14,13:00:00,2026-02-08T13:45
20,03,Capitale-Nationale,CHU DE QUÉBEC - UNIVERSITÉ LAVAL,CENTRE HOSPITALIER DE L'UNIVERSITÉ LAVAL,51217594,43,40,13,7,68,13,9.37,4.71,9:22,4:42,13:00:00,2026-02-08T13:45
21,03,Capitale-Nationale,CHU DE QUÉBEC - UNIVERSITÉ LAVAL,HÔPITAL SAINT-FRANÇOIS D'ASSISE,51217602,34,37,12,0,53,12,19.21,4.3,19:12,4:18,13:00:00,2026-02-08T13:45
22,03,Capitale-Nationale,CIUSSS DE LA CAPITALE-NATIONALE,CENTRE MULTISERVICES DE SANTÉ ET DE SERVICES SOCIAUX CHAUVEAU,51225001,5,1,0,0,22,11,5.12,3.38,5:07,3:22,13:00:00,2026-02-08T13:45
23,03,Capitale-Nationale,CIUSSS DE LA CAPITALE-NATIONALE,CENTRE MULTISERVICES DE SANTÉ ET DE SERVICES SOCIAUX DE SAINTE-ANNE-DE-BEAUPRÉ,51225357,4,1,0,0,9,6,9,2.22,9:00,2:13,13:00:00,2026-02-08T13:45
24,03,Capitale-Nationale,CIUSSS DE LA CAPITALE-NATIONALE,HÔPITAL ET CLSC DE LA MALBAIE,51228690,9,6,2,0,14,6,17.54,2.42,17:32,2:25,13:00:00,2026-02-08T13:45
25,03,Capitale-Nationale,INSTITUT UNIVERSITAIRE DE CARDIOLOGIE ET DE PNEUMOLOGIE DE QUÉBEC - UNIVERSITÉ LAVAL,INSTITUT UNIVERSITAIRE DE CARDIOLOGIE ET DE PNEUMOLOGIE DE QUÉBEC,51232130,20,12,1,0,24,16,11.09,5.17,11:05,5:10,13:00:00,2026-02-08T13:45
26,03,Capitale-Nationale,CHU DE QUÉBEC - UNIVERSITÉ LAVAL,HÔPITAL DE L'ENFANT-JÉSUS,51233914,48,60,20,5,77,11,14.61,4.63,14:36,4:37,13:00:00,2026-02-08T13:45
27,03,Capitale-Nationale,CIUSSS DE LA CAPITALE-NATIONALE,CENTRE MULTISERVICES DE SANTÉ ET DE SERVICES SOCIAUX DE BAIE-SAINT-PAUL,51244804,8,1,0,0,8,6,15.41,3.47,15:24,3:28,13:00:00,2026-02-08T13:45
28,03,Capitale-Nationale,CIUSSS DE LA CAPITALE-NATIONALE,CENTRE MULTISERVICES DE SANTÉ ET DE SERVICES SOCIAUX DE SAINT-RAYMOND,51247302,7,6,1,0,17,6,7.7,2.17,7:42,2:10,13:00:00,2026-02-08T13:45
29,03,Capitale-Nationale,CIUSSS DE LA CAPITALE-NATIONALE,CENTRE MULTISERVICES DE SANTÉ ET DE SERVICES SOCIAUX DE SAINT-MARC-DES-CARRIÈRES,51247344,3,1,0,0,10,9,15.33,2.42,15:19,2:25,13:00:00,2026-02-08T13:45
30,04,Mauricie et Centre-du-Québec,Total régional,Total régional,,118,136,21,2,257,92,13.3036254980079,4.76234693877551,13:18,4:45,13:00:00,2026-02-08T13:45
31,04,Mauricie et Centre-du-Québec,CIUSSS DE LA MAURICIE-ET-DU-CENTRE-DU-QUÉBEC,CENTRE MULTISERVICES DE SANTÉ ET DE SERVICES SOCIAUX DE FORTIERVILLE,51219160,2,0,0,0,0,0,0,0,0:00,0:00,13:00:00,2026-02-08T13:45
32,04,Mauricie et Centre-du-Québec,CIUSSS DE LA MAURICIE-ET-DU-CENTRE-DU-QUÉBEC,CENTRE MULTISERVICES DE SANTÉ ET DE SERVICES SOCIAUX DU HAUT-SAINT-MAURICE,51219731,7,2,0,0,11,7,10.82,2.75,10:49,2:45,13:00:00,2026-02-08T13:45
33,04,Mauricie et Centre-du-Québec,CIUSSS DE LA MAURICIE-ET-DU-CENTRE-DU-QUÉBEC,HÔPITAL DU CENTRE-DE-LA-MAURICIE,51220051,19,20,2,1,28,3,11,3.65,11:00,3:39,13:00:00,2026-02-08T13:45
34,04,Mauricie et Centre-du-Québec,CIUSSS DE LA MAURICIE-ET-DU-CENTRE-DU-QUÉBEC,PAVILLON SAINTE-MARIE,51220168,45,53,10,1,90,28,17.08,7.26,17:04,7:15,13:00:00,2026-02-08T13:45
35,04,Mauricie et Centre-du-Québec,CIUSSS DE LA MAURICIE-ET-DU-CENTRE-DU-QUÉBEC,HÔTEL-DIEU D'ARTHABASKA,51228039,16,23,4,0,39,13,11.13,5.52,11:07,5:31,13:00:00,2026-02-08T13:45
36,04,Mauricie et Centre-du-Québec,CIUSSS DE LA MAURICIE-ET-DU-CENTRE-DU-QUÉBEC,HÔPITAL SAINTE-CROIX,51228781,19,32,5,0,59,24,14.75,4.33,14:45,4:19,13:00:00,2026-02-08T13:45
37,04,Mauricie et Centre-du-Québec,CIUSSS DE LA MAURICIE-ET-DU-CENTRE-DU-QUÉBEC,CENTRE MULTISERVICES DE SANTÉ ET DE SERVICES SOCIAUX AVELLIN-DALCOURT,51233583,4,1,0,0,11,5,12.06,3.16,12:03,3:09,13:00:00,2026-02-08T13:45
38,04,Mauricie et Centre-du-Québec,CIUSSS DE LA MAURICIE-ET-DU-CENTRE-DU-QUÉBEC,CENTRE MULTISERVICES DE SANTÉ ET DE SERVICES SOCIAUX CHRIST-ROI,51246338,6,5,0,0,19,12,4.62,2.8,4:37,2:48,13:00:00,2026-02-08T13:45
39,05,Estrie,Total régional,Total régional,,137,117,23,3,227,84,13.1094418604651,5.16101176470588,13:06,5:09,13:00:00,2026-02-08T13:45
40,05,Estrie,CIUSSS DE L'ESTRIE - CENTRE HOSPITALIER UNIVERSITAIRE DE SHERBROOKE,CHUS - HÔPITAL FLEURIMONT,51216687,28,41,4,0,57,11,12.21,6.68,12:12,6:40,13:00:00,2026-02-08T13:45
41,05,Estrie,CIUSSS DE L'ESTRIE - CENTRE HOSPITALIER UNIVERSITAIRE DE SHERBROOKE,CHUS - HÔTEL-DIEU DE SHERBROOKE,51216695,44,28,9,3,39,8,12.26,5.56,12:15,5:33,13:00:00,2026-02-08T13:45
42,05,Estrie,CIUSSS DE L'ESTRIE - CENTRE HOSPITALIER UNIVERSITAIRE DE SHERBROOKE,CENTRE MULTISERVICES DE SANTÉ ET DE SERVICES SOCIAUX DE MEMPHRÉMAGOG,51219046,11,7,0,0,23,15,7.99,4.78,7:59,4:46,13:00:00,2026-02-08T13:45
43,05,Estrie,CIUSSS DE L'ESTRIE - CENTRE HOSPITALIER UNIVERSITAIRE DE SHERBROOKE,CENTRE DE SANTÉ ET DE SERVICES SOCIAUX DU GRANIT,51223832,5,1,0,0,6,4,9.77,4.51,9:46,4:30,13:00:00,2026-02-08T13:45
44,05,Estrie,CIUSSS DE L'ESTRIE - CENTRE HOSPITALIER UNIVERSITAIRE DE SHERBROOKE,HÔPITAL DE GRANBY,51228120,20,23,9,0,37,11,21.98,7.34,21:58,7:20,13:00:00,2026-02-08T13:45
45,05,Estrie,CIUSSS DE L'ESTRIE - CENTRE HOSPITALIER UNIVERSITAIRE DE SHERBROOKE,HÔPITAL BROME-MISSISQUOI-PERKINS,51229185,16,14,1,0,31,8,16.51,4.92,16:30,4:55,13:00:00,2026-02-08T13:45
46,05,Estrie,CIUSSS DE L'ESTRIE - CENTRE HOSPITALIER UNIVERSITAIRE DE SHERBROOKE,CENTRE MULTISERVICES DE SANTÉ ET DE SERVICES SOCIAUX DES SOURCES,51247583,7,3,0,0,16,13,4.17,2.06,4:10,2:03,13:00:00,2026-02-08T13:45
47,05,Estrie,CIUSSS DE L'ESTRIE - CENTRE HOSPITALIER UNIVERSITAIRE DE SHERBROOKE,CENTRE MULTISERVICES DE SANTÉ ET DE SERVICES SOCIAUX DE LA MRC DE COATICOOK,51247617,6,0,0,0,18,14,4.55,2.23,4:33,2:13,13:00:00,2026-02-08T13:45
48,06,Montréal,Total régional,Total régional,,568,723,301,136,1091,205,18.1585507246376,5.32822172619047,18:09,5:19,13:00:00,2026-02-08T13:45
49,06,Montréal,CIUSSS DU NORD-DE-L'ÎLE-DE-MONTRÉAL,HÔPITAL DU SACRÉ-COEUR-DE-MONTRÉAL,12475976,46,54,31,13,83,14,21.82,6.76,21:49,6:45,13:00:00,2026-02-08T13:45
50,06,Montréal,CIUSSS DE L'EST-DE-L'ÎLE-DE-MONTRÉAL,HÔPITAL MAISONNEUVE-ROSEMONT,12934659,54,64,23,11,84,15,19.55,4.64,19:33,4:38,13:00:00,2026-02-08T13:45
51,06,Montréal,CIUSSS DU CENTRE-SUD-DE-L'ÎLE-DE-MONTRÉAL,HÔPITAL DE VERDUN,51218097,26,33,7,0,49,6,16.68,5.19,16:40,5:11,13:00:00,2026-02-08T13:45
52,06,Montréal,CENTRE HOSPITALIER UNIVERSITAIRE SAINTE-JUSTINE,CHU SAINTE-JUSTINE,51222800,16,13,0,0,41,15,6.78,4.15,6:46,4:09,13:00:00,2026-02-08T13:45
53,06,Montréal,CENTRE UNIVERSITAIRE DE SANTÉ MCGILL,L'HÔPITAL DE MONTRÉAL POUR ENFANTS,51223279,12,15,0,0,54,16,11.08,4.3,11:04,4:18,13:00:00,2026-02-08T13:45
54,06,Montréal,CENTRE UNIVERSITAIRE DE SANTÉ MCGILL,HÔPITAL ROYAL VICTORIA,51223295,33,67,38,25,96,17,23.65,7.73,23:39,7:43,13:00:00,2026-02-08T13:45
55,06,Montréal,CIUSSS DE L'OUEST-DE-L'ÎLE-DE-MONTRÉAL,HÔPITAL DE LASALLE,51224392,15,19,9,7,29,4,15.44,6.02,15:26,6:01,13:00:00,2026-02-08T13:45
56,06,Montréal,CIUSSS DE L'OUEST-DE-L'ÎLE-DE-MONTRÉAL,HÔPITAL GÉNÉRAL DU LAKESHORE,51228278,31,47,19,7,63,11,24.41,10.29,24:24,10:17,13:00:00,2026-02-08T13:45
57,06,Montréal,CENTRE UNIVERSITAIRE DE SANTÉ MCGILL,HÔPITAL DE LACHINE,51228310,14,18,13,9,26,8,35.16,6.32,35:09,6:19,13:00:00,2026-02-08T13:45
58,06,Montréal,CIUSSS DU NORD-DE-L'ÎLE-DE-MONTRÉAL,HÔPITAL FLEURY,51228492,18,20,9,5,33,7,16.62,3.25,16:37,3:15,13:00:00,2026-02-08T13:45
59,06,Montréal,CIUSSS DU NORD-DE-L'ÎLE-DE-MONTRÉAL,HÔPITAL JEAN-TALON,51228500,22,19,2,0,27,6,19.58,5.63,19:34,5:37,13:00:00,2026-02-08T13:45
60,06,Montréal,CIUSSS DE L'OUEST-DE-L'ÎLE-DE-MONTRÉAL,HÔPITAL DOUGLAS,51235190,8,2,0,0,10,4,21.65,4.31,21:39,4:18,13:00:00,2026-02-08T13:45
61,06,Montréal,CIUSSS DE L'EST-DE-L'ÎLE-DE-MONTRÉAL,INSTITUT UNIVERSITAIRE EN SANTÉ MENTALE DE MONTRÉAL,51235307,12,8,5,2,13,2,0,2.82,0:00,2:49,13:00:00,2026-02-08T13:45
62,06,Montréal,CIUSSS DE L'EST-DE-L'ÎLE-DE-MONTRÉAL,HÔPITAL SANTA CABRINI,51235919,38,48,30,11,53,4,26.11,4.97,26:06,4:58,13:00:00,2026-02-08T13:45
63,06,Montréal,CENTRE HOSPITALIER DE L'UNIVERSITÉ DE MONTRÉAL,CENTRE HOSPITALIER DE L'UNIVERSITÉ DE MONTRÉAL,51236297,51,58,13,2,97,19,16.29,6.09,16:17,6:05,13:00:00,2026-02-08T13:45
64,06,Montréal,CIUSSS DU CENTRE-SUD-DE-L'ÎLE-DE-MONTRÉAL,HÔPITAL NOTRE-DAME,51236313,35,37,11,7,55,13,14.27,4.26,14:16,4:15,13:00:00,2026-02-08T13:45
65,06,Montréal,INSTITUT DE CARDIOLOGIE DE MONTRÉAL,INSTITUT DE CARDIOLOGIE DE MONTRÉAL,51248201,22,13,2,1,22,5,18.81,2.74,18:48,2:44,13:00:00,2026-02-08T13:45
66,06,Montréal,CENTRE UNIVERSITAIRE DE SANTÉ MCGILL,HÔPITAL GÉNÉRAL DE MONTRÉAL,51248219,31,51,34,23,62,3,20.39,4.7,20:23,4:42,13:00:00,2026-02-08T13:45
67,06,Montréal,CIUSSS DE L'OUEST-DE-L'ÎLE-DE-MONTRÉAL,CENTRE HOSPITALIER DE ST. MARY,51248243,22,25,7,1,43,6,19.26,4.27,19:15,4:16,13:00:00,2026-02-08T13:45
68,06,Montréal,CIUSSS DU CENTRE-OUEST-DE-L'ÎLE-DE-MONTRÉAL,HÔPITAL GÉNÉRAL JUIF,51248250,53,105,42,12,142,30,16.79,5.19,16:47,5:11,13:00:00,2026-02-08T13:45
69,06,Montréal,CIUSSS DU NORD-DE-L'ÎLE-DE-MONTRÉAL,HÔPITAL EN SANTÉ MENTALE ALBERT-PRÉVOST,51848752,9,7,6,0,9,0,27.08,0.57,27:04,0:34,13:00:00,2026-02-08T13:45
70,07,Outaouais,Total régional,Total régional,,83,90,27,11,178,71,19.2871929824561,6.23572614107883,19:17,6:14,13:00:00,2026-02-08T13:45
71,07,Outaouais,CISSS DE L'OUTAOUAIS,HÔPITAL ET CHSLD DU PONTIAC,51219459,4,2,0,0,12,5,11.9,3,11:54,3:00,13:00:00,2026-02-08T13:45
72,07,Outaouais,CISSS DE L'OUTAOUAIS,CLSC ET CENTRE D'HÉBERGEMENT DE LA PETITE-NATION,51219491,2,0,0,0,0,0,0,2.24,0:00,2:14,13:00:00,2026-02-08T13:45
73,07,Outaouais,CISSS DE L'OUTAOUAIS,HÔPITAL DE GATINEAU,51221703,28,38,17,9,53,16,22.84,10.4,22:50,10:24,13:00:00,2026-02-08T13:45
74,07,Outaouais,CISSS DE L'OUTAOUAIS,HÔPITAL DE HULL,51221711,25,31,6,1,59,21,21.09,8.45,21:05,8:27,13:00:00,2026-02-08T13:45
75,07,Outaouais,CISSS DE L'OUTAOUAIS,HÔPITAL DE MANIWAKI,51221893,6,3,0,0,8,4,9.39,1.9,9:23,1:54,13:00:00,2026-02-08T13:45
76,07,Outaouais,CISSS DE L'OUTAOUAIS,HÔPITAL ET CHSLD MÉMORIAL DE WAKEFIELD / WAKEFIELD MEMORIAL HOSPITAL,51228799,4,4,0,0,16,12,17.41,4.37,17:24,4:22,13:00:00,2026-02-08T13:45
77,07,Outaouais,CISSS DE L'OUTAOUAIS,HÔPITAL ET CHSLD DE PAPINEAU,51228823,12,12,4,1,23,10,16.81,5.27,16:48,5:16,13:00:00,2026-02-08T13:45
78,07,Outaouais,CISSS DE L'OUTAOUAIS,CENTRE MULTISERVICES DE SANTÉ ET DE SERVICES SOCIAUX DE MANSFIELD-ET-PONTEFRACT,51245058,2,0,0,0,7,3,0,5.44,0:00,5:26,13:00:00,2026-02-08T13:45
79,08,Abitibi-Témiscamingue,Total régional,Total régional,,37,25,6,0,78,41,15.050652173913,4.36503571428571,15:03,4:21,13:00:00,2026-02-08T13:45
80,08,Abitibi-Témiscamingue,CISSS DE L'ABITIBI-TÉMISCAMINGUE,HÔPITAL DE VAL-D'OR,51225589,11,11,4,0,32,19,14.72,6.23,14:43,6:13,13:00:00,2026-02-08T13:45
81,08,Abitibi-Témiscamingue,CISSS DE L'ABITIBI-TÉMISCAMINGUE,HÔPITAL D'AMOS,51228906,7,6,0,0,21,11,18.37,2.92,18:22,2:55,13:00:00,2026-02-08T13:45
82,08,Abitibi-Témiscamingue,CISSS DE L'ABITIBI-TÉMISCAMINGUE,HÔPITAL DE ROUYN-NORANDA,51228922,8,4,1,0,8,1,15.24,3.51,15:14,3:30,13:00:00,2026-02-08T13:45
83,08,Abitibi-Témiscamingue,CISSS DE L'ABITIBI-TÉMISCAMINGUE,CENTRE MULTISERVICES DE SANTÉ ET DE SERVICES SOCIAUX DE TÉMISCAMING-KIPAWA,51247476,1,0,0,0,0,0,0,2.8,0:00,2:48,13:00:00,2026-02-08T13:45
84,08,Abitibi-Témiscamingue,CISSS DE L'ABITIBI-TÉMISCAMINGUE,CENTRE MULTISERVICES DE SANTÉ ET DE SERVICES SOCIAUX DE VILLE-MARIE,51247542,5,3,1,0,10,6,19.28,4.34,19:16,4:20,13:00:00,2026-02-08T13:45
85,08,Abitibi-Témiscamingue,CISSS DE L'ABITIBI-TÉMISCAMINGUE,CENTRE MULTISERVICES DE SANTÉ ET DE SERVICES SOCIAUX DE LA SARRE,51247559,5,1,0,0,7,4,9.8,3.75,9:48,3:45,13:00:00,2026-02-08T13:45
86,09,Côte-Nord,Total régional,Total régional,,41,34,14,6,72,29,14.4355813953488,4.082,14:26,4:04,13:00:00,2026-02-08T13:45
87,09,Côte-Nord,CISSS DE LA CÔTE-NORD,CENTRE MULTISERVICES DE SANTÉ ET DE SERVICES SOCIAUX DES ESCOUMINS,51218733,3,1,0,0,4,3,5.26,4.32,5:15,4:19,13:00:00,2026-02-08T13:45
88,09,Côte-Nord,CISSS DE LA CÔTE-NORD,CENTRE MULTISERVICES DE SANTÉ ET DE SERVICES SOCIAUX DE FORESTVILLE,51218741,5,0,0,0,1,0,2.35,1.59,2:21,1:35,13:00:00,2026-02-08T13:45
89,09,Côte-Nord,CISSS DE LA CÔTE-NORD,CLSC ET HÔPITAL LE ROYER,51228765,10,15,5,0,23,5,7.19,4.07,7:11,4:04,13:00:00,2026-02-08T13:45
90,09,Côte-Nord,CISSS DE LA CÔTE-NORD,HÔPITAL ET CLSC DE SEPT-ÎLES,51232023,10,15,6,4,22,7,22.87,6.71,22:52,6:42,13:00:00,2026-02-08T13:45
91,09,Côte-Nord,CISSS DE LA CÔTE-NORD,CENTRE MULTISERVICES DE SANTÉ ET DE SERVICES SOCIAUX DE FERMONT,51245108,2,1,1,1,3,2,0,3.57,0:00,3:34,13:00:00,2026-02-08T13:45
92,09,Côte-Nord,CISSS DE LA CÔTE-NORD,CENTRE MULTISERVICES DE SANTÉ ET DE SERVICES SOCIAUX DE LA MINGANIE,51245116,2,0,0,0,2,0,4,0.68,4:00,0:40,13:00:00,2026-02-08T13:45
93,09,Côte-Nord,CISSS DE LA CÔTE-NORD,CENTRE MULTISERVICES DE SANTÉ ET DE SERVICES SOCIAUX DE PORT-CARTIER,51245132,5,2,2,1,16,12,26.75,4.64,26:45,4:38,13:00:00,2026-02-08T13:45
94,09,Côte-Nord,CISSS DE LA CÔTE-NORD,CENTRE MULTISERVICES DE SANTÉ ET DE SERVICES SOCIAUX DE LA BASSE-CÔTE-NORD,51245140,4,0,0,0,1,0,1.1,2.46,1:06,2:27,13:00:00,2026-02-08T13:45
95,10,Nord-du-Québec,Total régional,Total régional,,6,1,0,0,2,0,8.6,3.7,8:36,3:42,13:00:00,2026-02-08T13:45
96,10,Nord-du-Québec,CENTRE RÉGIONAL DE SANTÉ ET DE SERVICES SOCIAUX DE LA BAIE-JAMES,CENTRE DE SANTÉ DE CHIBOUGAMAU,51218501,6,1,0,0,2,0,8.6,3.7,8:36,3:42,13:00:00,2026-02-08T13:45
97,11,Gaspésie-Îles-de-la-Madeleine,Total régional,Total régional,,44,22,5,1,72,30,15.3668085106383,2.92337016574585,15:22,2:55,13:00:00,2026-02-08T13:45
98,11,Gaspésie-Îles-de-la-Madeleine,CISSS DE LA GASPÉSIE,HÔPITAL DE GASPÉ,51220903,6,2,0,0,8,3,10.77,4.23,10:46,4:13,13:00:00,2026-02-08T13:45
99,11,Gaspésie-Îles-de-la-Madeleine,CISSS DE LA GASPÉSIE,CLSC ET CENTRE DE SERVICES AMBULATOIRES DE PASPÉBIAC,51220978,4,3,0,0,8,4,5.35,2.08,5:21,2:04,13:00:00,2026-02-08T13:45
100,11,Gaspésie-Îles-de-la-Madeleine,CISSS DE LA GASPÉSIE,CLSC ET CENTRE DE SERVICES AMBULATOIRES DE MURDOCHVILLE,51221307,2,0,0,0,2,2,7.52,3.31,7:31,3:18,13:00:00,2026-02-08T13:45
101,11,Gaspésie-Îles-de-la-Madeleine,CISSS DE LA GASPÉSIE,HÔPITAL DE CHANDLER,51227775,8,6,1,0,17,10,24.7,2.7,24:42,2:42,13:00:00,2026-02-08T13:45
102,11,Gaspésie-Îles-de-la-Madeleine,CISSS DES ÎLES,HÔPITAL DE L'ARCHIPEL,51227783,6,0,0,0,3,1,9.76,2.4,9:45,2:24,13:00:00,2026-02-08T13:45
103,11,Gaspésie-Îles-de-la-Madeleine,CISSS DE LA GASPÉSIE,HÔPITAL ET GROUPE DE MÉDECINE DE FAMILLE UNIVERSITAIRE DE MARIA,51227908,10,8,3,1,17,4,20.7,3.69,20:42,3:41,13:00:00,2026-02-08T13:45
104,11,Gaspésie-Îles-de-la-Madeleine,CISSS DE LA GASPÉSIE,CENTRE MULTISERVICES DE SANTÉ ET DE SERVICES SOCIAUX DE GRANDE-VALLÉE,51247732,2,0,0,0,1,0,3.89,2.31,3:53,2:18,13:00:00,2026-02-08T13:45
105,11,Gaspésie-Îles-de-la-Madeleine,CISSS DE LA GASPÉSIE,HÔPITAL ET CLSC DE SAINTE-ANNE-DES-MONTS,51247799,6,3,1,0,16,6,31.28,2.87,31:16,2:52,13:00:00,2026-02-08T13:45
106,12,Chaudière-Appalaches,Total régional,Total régional,,89,98,23,3,233,86,14.6175155279503,3.47567264573991,14:37,3:28,13:00:00,2026-02-08T13:45
107,12,Chaudière-Appalaches,CISSS DE CHAUDIÈRE-APPALACHES,HÔTEL-DIEU DE LÉVIS,51227569,43,48,13,3,84,29,14.95,3.35,14:57,3:21,13:00:00,2026-02-08T13:45
108,12,Chaudière-Appalaches,CISSS DE CHAUDIÈRE-APPALACHES,HÔPITAL DE SAINT-GEORGES,51228971,21,22,3,0,46,13,12.15,4,12:09,4:00,13:00:00,2026-02-08T13:45
109,12,Chaudière-Appalaches,CISSS DE CHAUDIÈRE-APPALACHES,CHSLD ET HÔPITAL PAUL-GILBERT,51245199,0,0,0,0,17,8,0,2.34,0:00,2:20,13:00:00,2026-02-08T13:45
110,12,Chaudière-Appalaches,CISSS DE CHAUDIÈRE-APPALACHES,HÔPITAL DE MONTMAGNY,51245223,10,10,2,0,28,10,13.83,0.97,13:49,0:58,13:00:00,2026-02-08T13:45
111,12,Chaudière-Appalaches,CISSS DE CHAUDIÈRE-APPALACHES,HÔPITAL DE THETFORD,51245231,15,18,5,0,58,26,19.56,6.7,19:33,6:42,13:00:00,2026-02-08T13:45
112,13,Laval,Total régional,Total régional,,49,68,22,7,112,36,21.15,6.7,21:09,6:42,13:00:00,2026-02-08T13:45
113,13,Laval,CISSS DE LAVAL,HÔPITAL DE LA CITÉ-DE-LA-SANTÉ,51228757,49,68,22,7,112,36,21.15,6.7,21:09,6:42,13:00:00,2026-02-08T13:45
114,14,Lanaudière,Total régional,Total régional,,89,85,30,0,143,29,16.2375187969924,5.917890625,16:14,5:55,13:00:00,2026-02-08T13:45
115,14,Lanaudière,CISSS DE LANAUDIÈRE,HÔPITAL PIERRE-LE GARDEUR,51228062,47,45,23,0,72,5,17.71,5.25,17:42,5:15,13:00:00,2026-02-08T13:45
116,14,Lanaudière,CISSS DE LANAUDIÈRE,HÔPITAL DE LANAUDIÈRE ET CENTRE D'HÉBERGEMENT PARPHILIA-FERLAND,51244945,42,40,7,0,71,24,14.83,6.91,14:49,6:54,13:00:00,2026-02-08T13:45
117,15,Laurentides,Total régional,Total régional,,118,153,50,14,260,90,20.8711351351351,5.68985119047619,20:52,5:41,13:00:00,2026-02-08T13:45
118,15,Laurentides,CISSS DES LAURENTIDES,HÔPITAL DE MONT-LAURIER,51217610,5,4,0,0,13,6,22.1,5.62,22:06,5:37,13:00:00,2026-02-08T13:45
119,15,Laurentides,CISSS DES LAURENTIDES,CENTRE MULTISERVICES DE SANTÉ ET DE SERVICES SOCIAUX DE RIVIÈRE-ROUGE,51217628,5,7,0,0,11,3,16.41,3.27,16:24,3:16,13:00:00,2026-02-08T13:45
120,15,Laurentides,CISSS DES LAURENTIDES,HÔPITAL DE SAINT-EUSTACHE,51228864,35,55,16,3,80,22,19.17,7.9,19:10,7:54,13:00:00,2026-02-08T13:45
121,15,Laurentides,CISSS DES LAURENTIDES,HÔPITAL DE SAINT-JÉRÔME,51228880,47,53,24,8,89,30,26.5,3.97,26:30,3:58,13:00:00,2026-02-08T13:45
122,15,Laurentides,CISSS DES LAURENTIDES,CENTRE MULTISERVICES DE SANTÉ ET DE SERVICES SOCIAUX D'ARGENTEUIL,51245306,8,6,1,0,22,13,13.04,4.87,13:02,4:52,13:00:00,2026-02-08T13:45
123,15,Laurentides,CISSS DES LAURENTIDES,CENTRE MULTISERVICES DE SANTÉ ET DE SERVICES SOCIAUX DE SAINTE-AGATHE,51246874,18,28,9,3,45,16,17.03,6.46,17:01,6:27,13:00:00,2026-02-08T13:45
124,16,Montérégie,Total régional,Total régional,,239,268,95,30,453,151,17.4455922865013,6.0044747081712,17:26,6:00,13:00:00,2026-02-08T13:45
125,16,Montérégie,CISSS DE LA MONTÉRÉGIE-OUEST,HÔPITAL BARRIE MEMORIAL / BARRIE MEMORIAL HOSPITAL,51228005,5,5,0,0,17,16,18.64,3.7,18:38,3:42,13:00:00,2026-02-08T13:45
126,16,Montérégie,CISSS DE LA MONTÉRÉGIE-EST,HÔPITAL PIERRE-BOUCHER,51229011,47,59,23,5,87,28,17.54,7.63,17:32,7:37,13:00:00,2026-02-08T13:45
127,16,Montérégie,CISSS DE LA MONTÉRÉGIE-CENTRE,HÔPITAL DU HAUT-RICHELIEU,51229045,37,17,1,0,38,13,11.84,3.83,11:50,3:49,13:00:00,2026-02-08T13:45
128,16,Montérégie,CISSS DE LA MONTÉRÉGIE-EST,HÔTEL-DIEU DE SOREL,51229102,17,29,5,0,45,19,19,9.67,19:00,9:40,13:00:00,2026-02-08T13:45
129,16,Montérégie,CISSS DE LA MONTÉRÉGIE-OUEST,HÔPITAL DU SUROÎT,51229136,32,46,27,12,65,11,30,4.41,30:00,4:24,13:00:00,2026-02-08T13:45
130,16,Montérégie,CISSS DE LA MONTÉRÉGIE-OUEST,HÔPITAL ANNA-LABERGE,51229151,32,44,23,7,71,19,35.08,7.64,35:04,7:38,13:00:00,2026-02-08T13:45
131,16,Montérégie,CISSS DE LA MONTÉRÉGIE-EST,HÔPITAL HONORÉ-MERCIER,51229193,26,25,3,0,36,4,9.16,4.51,9:09,4:30,13:00:00,2026-02-08T13:45
132,16,Montérégie,CISSS DE LA MONTÉRÉGIE-CENTRE,HÔPITAL CHARLES-LE MOYNE,51233799,43,43,13,6,94,41,16.43,6.47,16:25,6:28,13:00:00,2026-02-08T13:45
133,99,Ensemble du Québec,Ensemble du Québec,Ensemble du Québec,,1992,2110,684,226,3776,1173,16.0479096228868,4.81097924338801,16:02,4:48,13:00:00,2026-02-08T13:45
